Carcass Sex Wt   fdP2  fd34  fdH1  fdH2  mdP2  md34  LMpc
183  CM  46.0  10.8  10.8  14.2  11.4  56.6  45.5  59.73
170  CM  49.1  11.6  12.0  12.8  23.4  45.6  42.3  49.71
165  CM  49.2  10.9  10.5  11.3  14.9  46.6  44.5  54.25
109  CM  50.2  15.1  13.2  13.7  13.7  41.5  41.1  56.17
108  CM  53.9  13.0  12.1  16.0  12.0  48.8  42.5  53.66
184  CM  54.3   9.8   9.3  16.9  10.4  44.5  52.4  61.99
167  CM  54.4  10.0  12.6  17.1   9.3  47.1  47.6  56.51
166  CM  54.9  14.3  11.5  10.7  12.5  41.6  44.2  56.65
182  CM  55.9  18.7  12.5  13.7  14.1  35.6  50.7  47.54
173  CM  57.7  10.7  10.8  13.6  11.0  50.1  45.8  58.91
 91  CM  59.4  12.0  10.5  15.1  10.2  43.1  48.4  55.93
 95  CM  60.2  15.0  16.4  18.0  17.4  44.2  48.2  53.64
100  CM  63.2   9.5  11.5   9.5   9.6  44.8  42.8  55.31
102  CM  63.3   8.3   8.2  19.2   9.3  48.6  61.1  60.69
 26  CM  63.5  12.2  11.1  24.1  14.9  43.2  56.1  50.96
 24  CM  63.8  12.4  12.8  12.2  11.5  49.9  55.7  50.22
 96  CM  64.3  14.2  13.5  12.6  13.4  44.6  40.8  49.61
107  CM  64.5  12.4  12.5  15.3  12.5  46.2  44.1  55.35
172  CM  65.3  12.3  10.7  12.4  13.1  55.7  46.2  54.04
 87  CM  65.4  13.0  12.9  14.6  12.2  44.9  50.9  50.87
 99  CM  65.8  10.0   9.6  10.0   9.6  63.2  51.7  60.85
154  CM  66.5  10.7  10.4  10.1  11.7  51.7  64.4  54.94
 93  CM  66.6  11.5  10.7  18.4  14.8  48.7  53.8  51.11
 88  CM  68.6  11.4  11.3  14.5  11.0  42.9  43.0  57.28
 92  CM  69.0  13.8  16.3  17.0  17.8  47.0  48.6  48.34
185  CM  69.6   9.7  12.5  13.2  14.1  60.7  47.9  51.06
 25  CM  70.5  17.3  18.4  14.5  13.6  49.3  49.1  39.70
101  CM  73.9  10.8  10.5  14.1  13.0  58.2  43.8  52.50
 90  CM  74.3  19.5  19.9  15.2  13.8  49.4  52.0  52.21
 97  CM  75.9  16.2  17.4  22.1  14.8  45.4  48.3  47.53
145  CM  76.5  12.2  13.8  18.5  14.9  50.7  59.3  46.28
147  CM  76.7  11.3   8.6  12.0  12.8  51.1  56.5  49.57
 23  CM  77.2  16.7  18.0  13.7  17.7  52.8  54.5  48.98
 98  CM  77.3  16.7  18.8  20.0  14.1  50.9  47.7  47.25
 89  CM  77.5  10.7  13.6  14.9  13.6  53.6  50.8  49.18
152  CM  79.8  11.9  11.9  15.2  14.6  53.2  68.9  53.92
133  CM  80.9  12.5  12.1  13.1  14.1  52.6  62.2  45.26
146  CM  85.1  16.1  18.6  20.0  18.4  64.8  43.4  43.90
150  CM  85.5  17.8  17.9  24.8  19.4  51.2  48.9  36.24
149  CM  86.9  12.9  12.3  15.1  12.8  57.2  51.9  53.29
153  CM  88.1  14.3  11.9  15.5  16.3  55.5  61.9  45.64
186  CM  91.1  18.8  19.7  16.5  15.8  54.6  59.5  45.46
171  CM  94.8  30.3  27.4  28.4  28.2  45.0  52.0  41.84
141   F  46.5  11.3   9.6   9.3  11.3  47.1  49.7  60.60
138   F  52.5  14.9  14.9  17.0  19.4  40.3  39.4  43.33
139   F  53.2  11.9  11.9  13.6  11.9  45.8  42.4  51.72
140   F  53.6  13.9  11.6  15.0  21.6  45.4  48.6  53.62
136   F  53.8  14.9  13.8  20.6  18.1  40.8  41.1  48.15
137   F  54.0  13.1  13.4  12.0  16.4  50.4  46.1  48.61
148   F  55.0   9.1   9.6  11.9   9.9  50.8  47.2  53.01
 41   F  58.0   9.7  10.9  11.3  11.0  46.3  43.4  56.53
 75   F  59.2  10.4   9.0  12.0   9.3  47.7  57.8  58.30
 35   F  59.7   9.5   8.2   9.3   9.5  63.1  60.4  60.84
 37   F  61.4   9.8   8.9  11.0  19.1  47.5  51.6  64.86
 86   F  61.7   9.4   9.8  17.3   9.8  61.2  54.6  62.91
 82   F  63.7   8.6   7.7  39.8  14.5  49.3  46.6  54.02
 28   F  64.0  12.8  13.1  10.8  12.3  53.1  50.5  56.51
 40   F  64.8  13.6  12.6  12.7  12.9  44.8  45.0  56.67
 52   F  65.0  12.9  11.0  12.5  12.3  47.8  44.4  55.40
 68   F  65.1   8.6   9.4  25.9   9.9  50.4  46.6  56.79
 85   F  65.5   8.8   9.8  10.5  11.4  56.0  50.5  58.58
 59   F  65.9   9.5   9.1  21.2   9.3  60.1  56.9  60.89
 12   F  66.0  13.4  15.5  15.2  14.1  50.0  50.7  53.77
 72   F  66.8   9.8   8.1   9.6  44.0  45.5  53.2  58.55
 74   F  68.3  10.1   9.5  17.4  11.7  57.6  55.1  56.81
 15   F  68.9  14.0  16.0  16.4  17.6  54.1  51.4  53.00
 71   F  72.2  11.4   9.6  12.0   9.9  67.3  56.1  58.31
 27   F  73.4  22.6  22.1  20.9  18.6  54.0  55.4  46.13
115   F  75.1  11.6  11.2  22.6  15.8  60.0  52.2  54.19
 76   F  75.7  18.5  17.6  14.9  16.9  51.3  60.9  53.02
 29   F  76.3  10.6  10.3  13.4  17.9  61.6  54.7  56.25
 46   F  76.4   9.6  11.1   9.5  15.4  56.0  50.8  59.04
 55   F  76.6  10.9   9.8  11.8  12.8  56.1  52.5  56.76
116   F  76.8   8.3   7.1  10.1  23.9  59.9  58.9  57.99
 20   F  77.0  19.1  19.1  18.9  16.3  61.0  50.4  47.82
114   F  78.0  11.7  10.8  10.9  11.9  45.7  53.2  49.86
 16   F  81.4  15.8  17.6  18.8  26.6  53.3  51.9  48.05
174   F  83.4  13.2  11.9  12.2  12.3  64.4  60.6  53.07
177   F  84.2  14.0  11.8  15.3  13.1  65.3  64.3  55.00
178   F  85.4  13.1  10.7  12.8  12.6  51.8  58.7  48.42
 58   F  85.8   8.0   7.8  19.9  27.4  66.0  64.7  57.21
 60   F  86.6  12.2  11.2  20.2  18.9  56.2  64.3  56.83
 30   F  86.8  15.5  12.3  16.9  13.8  59.3  66.9  53.01
181   F  87.4  10.4  10.8  14.3  18.3  61.0  56.4  61.33
 31   F  87.7  13.9  13.7  18.0  14.3  63.7  64.0  46.38
 61   F  89.5  19.1  15.2  18.3  16.6  54.2  63.9  45.71
161   F  92.0  25.9  27.2  27.2  23.6  53.2  54.1  46.63
164   F  96.9  16.5  16.3  17.1  14.8  62.6  60.4  50.49
134   M  52.8  12.8  11.7  10.9  12.6  41.5  44.3  47.96
143   M  53.4  14.1  11.6  17.2  12.9  43.3  46.9  53.43
128   M  54.3   9.4  10.9  10.4  11.1  46.0  43.4  53.79
117   M  55.8   9.2   9.2  10.2  20.0  55.2  54.9  63.03
 80   M  58.0  11.3  10.4  10.1  10.7  47.1  55.5  60.26
121   M  61.4  26.7  27.2  18.1  18.3  40.7  45.2  47.14
122   M  62.0  12.2  10.7   9.3  15.0  51.2  57.0  59.15
123   M  62.2  13.1  11.3  18.8  11.7  62.2  45.3  56.03
 83   M  64.0  11.0  12.7   9.6  16.0  48.9  47.8  61.32
 84   M  64.0  11.8  14.9  14.1  12.0  48.0  52.3  53.84
120   M  64.0   9.7   8.5  19.2  18.7  64.0  49.9  64.38
 13   M  65.7  18.5  22.8  16.3  16.0  59.5  53.6  50.48
 17   M  68.8   8.7   8.6   9.3  11.2  46.4  47.3  56.24
 44   M  71.6  17.0  17.1  14.0  11.9  52.5  51.0  56.26
 77   M  74.0  16.1  16.7  16.1  17.1  43.5  47.1  53.46
 33   M  74.7   9.4   9.8   9.4  10.7  57.4  49.5  58.96
 57   M  77.9   9.2   9.2   9.5  11.5  60.2  49.5  58.47
 78   M  78.6   8.1   8.9  10.1  10.3  61.1  45.6  59.84
 19   M  79.3  10.0   9.2  14.6  10.1  64.6  55.3  63.70
 39   M  79.4  13.3  13.2  12.1  12.8  47.5  45.6  44.61
 43   M  79.8   9.0   9.2  25.7  57.2  54.7  52.4  60.40
 48   M  80.8  11.4  11.6  12.9  13.2  46.1  56.9  51.50
 63   M  81.7  11.7  15.8  11.9  16.5  52.3  47.1  49.77
 66   M  81.7   9.5   9.7  10.2  10.1  46.5  49.5  61.08
 34   M  83.7  14.7  13.4  11.4  10.5  55.4  49.6  51.35
176   M  84.2  11.2  10.5  12.5  11.0  52.3  54.0  54.89
125   M  85.9  13.9  12.5  12.4  12.0  50.3  52.8  50.69
 47   M  86.0  18.0  19.0  15.2  16.8  63.0  58.2  42.33
 62   M  86.1  13.1  14.7  12.6  12.5  62.3  61.5  51.73
158   M  86.3  12.7  12.9  12.5  12.9  54.7  50.6  59.53
124   M  86.8  13.0  12.6  15.5  13.0  54.0  58.7  49.70
157   M  87.0  11.4  12.6  11.0  12.1  52.1  65.2  51.98
 32   M  87.4  16.5  16.7  18.5  15.6  55.1  55.8  52.77
159   M  89.5  12.0  11.3  10.1  10.6  52.4  54.3  50.02
 53   M  90.2  13.9  13.7  12.1  11.9  53.8  50.1  47.76
179   M  92.0  11.0  11.3  11.6  10.2  59.5  63.9  53.01
162   M  92.4  30.2  26.3  20.9  20.7  46.7  51.6  45.74
163   M  92.8  16.6  15.5  18.4  15.0  59.4  55.3  46.81
156   M  93.3  11.1  12.8  12.2  11.9  55.5  61.4  48.12
119   M  96.1  15.8  18.8  14.0  13.2  64.7  62.5  48.66
160   M  96.3  10.4  10.3  10.2  10.4  60.0  53.7  59.56
 56   F 103.2  21.5  22.3  24.1  19.2  57.0  58.6  39.51
