density weight
 1  1.25853
 1  1.27541
 1  1.43320
 1  1.26957
 1  1.55987
 1  1.46951
 1  1.42438
 1  1.40205
 1  1.54009
 1  1.57374
 3  1.37347
 3  1.43344
 3  1.39354
 3  1.45312
 3  1.26683
 3  1.48911
 3  1.38395
 3  1.09735
 3  1.02180
 3  1.33309
 5  1.17085
 5  1.46024
 5  1.11594
 5  1.08412
 5  1.21495
 5  1.37245
 5  1.25204
 5  1.35455
 5  1.35548
 5  1.12565
 6  1.28688
 6  1.23072
 6  1.47883
 6  1.18604
 6  1.20579
 6  1.32806
 6  1.16677
 6  1.27191
 6  1.25102
 6  1.21474
10  0.99458
10  0.97051
10  1.19994
10  0.96539
10  0.97615
10  1.04431
10  0.98301
10  1.22387
10  1.12059
10  1.07562
20  0.70693
20  0.59395
20  0.77261
20  0.77911
20  0.73039
20  0.71611
20  0.63795
20  0.65679
20  0.76572
20  0.82146
