Line      repl    LeafLmm    LeafWmm    Stolonthickmm    StolonLcm    StolonDens    LeafAmm
DSsmall     1     15.03      12.75      1.75             6.6           52.536       150.4315125
DSsmall     2     16.05      14.4       1.7              21.1         167.956       181.4292
DSsmall     3     14.6       14         1.65             18.4         146.464       160.454
DSsmall     4     16.15      13.95      1.9               5.6          44.576       176.8546125
DSsmall     5     14.5       16.45      1.4              15.6         124.176       187.242125
DSsmallmed  1     22.5       24.35      1.8              26           206.96        430.081875
DSsmallmed  2     21.6       23.15      2                21.8         173.528       392.5314
DSsmallmed  3     20.25      20.7       2.2              17           135.32        329.052375
DSsmallmed  4     17.9       20.15      2.05             14.4         114.624       283.137725
DSsmallmed  5     20.4       19.2       2.05              7.2          57.312       307.4688
DSmedlarge  1     28.5       28.5       2.35             27.9         222.084       637.61625
DSmedlarge  2     26.8       27.45      2.2              21.5         171.14        577.4931
DSmedlarge  3     24.45      25.6       2.9              11.4          90.744       491.3472
DSmedlarge  4     30.05      26         1.8               8.7          69.252       613.3205
DSmedlarge  5     23.55      22.8       2.35             26           206.96        421.4979
DSmed       1     24         21.85      3                 9.2          73.232       411.654
DSmed       2     23.45      23.85      2.3              20.9         166.364       439.0367625
DSmed       3     24.05      20.75      1.95             18.3         145.668       391.7444375
DSmed       4     23.9       20.3       1.8              23.8         189.448       380.85845
DSmed       5     22.35      21.3       2.85             14.4         114.624       373.703175
DSlarge     1     24.2       23.85      3.05             22.3         177.508       453.07845
DSlarge     2     22.45      26.35      2.45             15.7         124.972       464.3726375
DSlarge     3     23.2       19.5       2.5              28.9         230.044       355.134
DSlarge     4     25.25      26.1       2.4              16.7         132.932       517.334625
DSlarge     5     22.55      23.95      2.4               4.1          32.636       423.9569125
TR41-9      1     20         18.55      2.1              31.8         253.128       291.235
TR41-9      2     20.35      18.85      2.15             60.1         478.396       301.1240375
TR41-9      3     22.55      22.75      2.15             19.9         158.404       402.7148125
TR41-9      4     22.55      18         2.05             30.8         245.168       318.6315
TR41-9      5     23.45      20.95      2.15             43.9         349.444       385.6528375
TR41-19     1     20         20.8       2.3              36.9         293.724       326.56
TR41-19     2     20.8       18.5       2.05             20.8         165.568       302.068
TR41-19     3     21.95      19.9       1.95             37.8         300.888       342.891925
TR41-19     4     19.9       17.45      2                37.1         295.316       272.595175
TR41-19     5     18.7       20.15      2.35             37.9         301.684       295.791925
TR41-11     1     24.5       23.8       1.8              14.1         112.236       457.7335
TR41-11     2     25.1       23.35      2.15             26.3         209.348       460.076725
TR41-11     3     22         22.8       2.9              16.4         130.544       393.756
TR41-11     4     25.25      25.05      2.95             31           246.76        496.5223125
TR41-11     5     21.65      21.15      3.35             38.7         308.052       359.4495375
TR41-13     1     17.15      20.6       1.95             24.4         194.224       277.33265
TR41-13     2     21.7       20.65      1.95             38.8         308.848       351.762425
TR41-13     3     19.95      17.55      1.8              37.7         300.092       274.8461625
TR41-13     4     20.7       20.05      2.05             16.2         128.952       325.802475
TR41-13     5     20.25      17.95      2.1              34.2         272.232       285.3376875
TR41-25     1     22.1       20.75      1.95             59.6         474.416       359.981375
TR41-25     2     20         20.4       2.2              36.9         293.724       320.28
TR41-25     3     20         21.8       2.1              46.6         370.936       342.26
TR41-25     4     18.45      14.3       1.95             10            79.6         207.110475
TR41-25     5     20.4       20.25      1.8              13.8         109.848       324.2835
NE-738      1     24.5       20.85      1.6              16.3         129.748       400.997625
NE-738      2     24.2       21.15      2.05             17.5         139.3         401.78655
NE-738      3     20.85      19.4       1.45              6.1          48.556       317.52465
NE-738      4     22.75      20.55      1.85             31.7         252.332       366.9973125
NE-738      5     19.1       16.5       1.55              3            23.88        247.39275
NE-764      1     27.25      25.05      1.65             29.9         238.004       535.8508125
NE-764      2     19.95      15.2       2.2              12.7         101.092       238.0434
NE-764      3     22.55      18.95      1.95             30.8         245.168       335.4481625
NE-764      4     22.85      18.15      1.95             27.7         220.492       325.5610875
NE-764      5     21.3       18.5       1.8              21.1         167.956       309.32925
NE-770      1     21.85      20.2       2.45             22.3         177.508       346.47545
NE-770      2     24         19.35      2.15             22.5         179.1         364.554
NE-770      3     20.6       19         2                13.3         105.868       307.249
NE-770      4     22.95      19.1       1.55             15           119.4         344.100825
NE-770      5     19         19.3       1.9              14.3         113.828       287.8595
PT-262      1     19.7       18.5       2.25             32.6         259.496       286.09325
PT-262      2     20.05      19.6       1.75             39.8         316.808       308.4893
PT-262      3     17.95      16.15      2.05             25.9         206.164       227.5656125
PT-262      4     22         18.85      1.85             20.2         160.792       325.5395
PT-262      5     21.4       19.55      1.75             13.4         106.664       328.42045
PT-263      1     21.45      20.15      1.7               6            47.76        339.2907375
PT-263      2     20.4       22.35      1.65             10.6          84.376       357.9129
PT-263      3     22.35      20.25      1.35             16.8         133.728       355.2811875
PT-263      4     20.9       16.8       1.2               8.7          69.252       275.6292
PT-426      1     15.55      14.9       1.45             10.3          81.988       181.880575
PT-426      2     22.5       19.25      1.35             69.7         554.812       340.003125
PT-426      3     15.25      13.25      1.3               4.2          33.432       158.6190625
PT-426      4     13.35      13.1       1.4              21           167.16        137.284725
PT-426      5     11.35      10.05      1.15             25.4         202.184        89.5429875
PRESTIGE    1     16.95      18.2       1.55             58.1         462.476       242.16465
PRESTIGE    2     16.25      15         1.5              18.6         148.056       191.34375
PRESTIGE    3     16.6       15.4       1.45             17.1         136.116       200.6774
PRESTIGE    4     15.3       15.25      1.7              50.4         401.184       183.160125
PRESTIGE    5     13.75      12.15      1.4              52.8         420.288       131.1440625
HUIA        1     22.35      20.85      1.8              25.4         202.184       365.8080375
HUIA        2     25.2       21.35      1.8              26.3         209.348       422.3457
HUIA        3     19.9       19.3       1.95             10.6          84.376       301.49495
HUIA        4     22.4       19.25      1.85             23.6         187.856       338.492
HUIA        5     23.4       20.9       1.75             10.4          82.784       383.9121
NuSIRAL     1     19.95      18.45      2.5              21.4         170.344       288.9408375
NuSIRAL     2     24.8       21.8       3.05             51.5         409.94        424.4024
NuSIRAL     3     26.1       22.95      2.2              32.1         255.516       470.211075
NuSIRAL     4     20.35      18.4       2.1              31.1         247.556       293.9354
NuSIRAL     5     24.7       21.95      2.85             46.5         370.14        425.599525
PROP        1     20.4       16.55      1.4              28.8         229.248       265.0317
PROP        2     20         19.9       1.45             41.7         331.932       312.43
PROP        3     15.45      13.3       1.55             18.5         147.26        161.305725
PROP        4     13.95      13.05      1.35             40.7         323.972       142.9072875
PROP        5     17.75      16.9       1.3              22.7         180.692       235.480375
HAIFA       1     27.15      28.75      2.55             12.9         102.684       612.7415625
HAIFA       2     29.65      28.15      3.15             25           199           655.1982875
HAIFA       3     26.8       27.7       2.35             30.8         245.168       582.7526
HAIFA       4     26.35      32.4       2.45             12.3          97.908       670.1859
HAIFA       5     28.8       26.95      2.9              14.4         114.624       609.2856
TR41-8      1     23.9       22.1       2.35             40           318.4         414.62915
TR41-8      2     22.95      21.3       2.5              26.4         210.144       383.735475
TR41-8      3     25.1       22.95      3.65             27.7         220.492       452.195325
TR41-8      4     23.95      22.05      2.4              34.4         273.824       414.5565375
TR41-8      5     22.35      23.95      2                29           230.84        420.1967625
TR41-12     1     22.1       20.4       2.5              20           159.2         353.9094
TR41-12     2     28.85      21.2       2.25             18           143.28        480.1217
TR41-12     3     25.05      23.15      2.85             26.3         209.348       455.2273875
TR41-12     4     27.15      24.8       2.35             35.2         280.192       528.5562
TR41-12     5     24.05      18.65      2.35             24.6         195.816       352.0980125
TR41-23     1     23.95      22.5       2.45             42.8         340.688       423.016875
TR41-23     2     24.65      25.15      2.3              19.8         157.608       486.6587875
TR41-23     3     21.05      21.35      2.6              24           191.04        352.7927375
TR41-23     4     26.1       21.25      2.05             10.8          85.968       435.380625
TR41-23     5     19.4       19.1       2.55             37.7         300.092       290.8739
WAVERLEY    1     23.25      19.65      2.5              27           214.92        358.6370625
WAVERLEY    2     22.45      15.4       2.35             16.3         129.748       271.39805
WAVERLEY    3     29.95      24.9       2.5              20.7         164.772       585.417675
WAVERLEY    4     33.05      34.2       2.6              23.5         187.06        887.29335
WAVERLEY    5     30.1       26.6       2.15             27.2         216.512       628.5181
SUSTAIN     1     24.8       22.95      2.2              11.6          92.336       446.7906
SUSTAIN     2     27.35      20.85      2                44.2         351.832       447.6442875
SUSTAIN     3     25         24.45      1.9              37.2         296.112       479.83125
SUSTAIN     4     27.2       26.6       2                47.4         377.304       567.9632
SUSTAIN     5     23.85      25.05      2.15             24.3         193.428       468.9923625
ARAN        1     26.3       24         2.5              27.1         215.716       495.492
ARAN        2     28.6       28.75      2.05             30.3         241.188       645.46625
ARAN        3     27.3       27.05      2.15             25           199           579.695025
ARAN        4     24.15      24.95      2.8              29.7         236.412       472.9958625
ARAN        5     22.95      20.1       2.65             34.2         272.232       362.116575
MINK        1     22.9       21.15      2.45             32.1         255.516       380.202975
MINK        2     21.25      28.9       1.95             11.2          89.152       482.088125
MINK        3     24         19.25      1.9              12            95.52        362.67
MINK        4     20         18.4       2.25             18.3         145.668       288.88
MINK        5     23.95      18.9       1.9              36.5         290.54        355.334175
TILLMAN     1     30.45      24.55      2.75             25.5         202.98        586.8247875
TILLMAN     2     32.95      24.85      3.2              34.6         275.416       642.7638875
TILLMAN     3     34.15      27.05      2.4              24.6         195.816       725.1496375
TILLMAN     4     34.1       26.55      2.6              15.2         120.992       710.703675
TILLMAN     5     28.5       27.55      3.15             28.9         230.044       616.362375
