ldiam lheight lvolume
2.12  4.25  2.33
2.15  4.17  2.33
2.17  4.14  2.32
2.35  4.28  2.80
2.37  4.39  2.93
2.38  4.42  2.98
2.40  4.19  2.75
2.40  4.32  2.90
2.41  4.38  3.12
2.42  4.32  2.99
2.42  4.37  3.19
2.43  4.33  3.04
2.43  4.33  3.06
2.46  4.23  3.06
2.48  4.32  2.95
2.56  4.30  3.10
2.56  4.44  3.52
2.59  4.45  3.31
2.62  4.26  3.25
2.62  4.16  3.21
2.64  4.36  3.54
2.65  4.38  3.46
2.67  4.30  3.59
2.77  4.28  3.65
2.79  4.34  3.75
2.85  4.39  4.01
2.86  4.41  4.02
2.88  4.38  4.07
2.89  4.38  3.94
2.89  4.38  3.93
3.03  4.47  4.34
